0.513039 3.15529e-06
1.70736
1.14292
1.17447
1.20602
0.939576
0.673129
0.704682
0.736235
0.469788
0.501341
0.234894
0.266447
-5.52401e-13
0.0315529
0.0631059
0.0946588
0.126212
0.157765
0.189318
0.220871
0.252424
0.283976
0.315529
0.347082
0.0806353
0.112188
0.154259
0.122706
0.0911529
0.3576
0.326047
0.294494
0.262941
0.231388
0.199835
0.168282
0.136729
0.105176
0.0736235
0.340071
0.308518
0.276965
0.245412
0.213859
0.182306
0.448753
0.4172
0.385647
0.354094
0.322541
0.290988
0.259435
0.227882
0.196329
0.164776
0.133224
0.101671
0.0701176
0.0385647
0.00701176
0.0245412
0.241906
0.210353
0.1788
0.147247
0.115694
0.0841412
0.0525882
0.0210353
0.0105176
0.0420706
0.0736235
0.105176
0.161271
0.129718
0.0981647
0.0666118
0.0350588
0.00350588
0.0280471
0.0596
0.206847
0.175294
0.143741
0.112188
0.0806353
0.0490824
0.0175294
0.0140235
0.0455765
0.0771294
0.108682
0.140235
0.171788
0.203341
0.0631059
0.0315529
0
0.0315529
0.0631059
0.203341
0.171788
0.140235
0.108682
0.0771294
0.0455765
0.0140235
0.0175294
0.0490824
0.0806353
0.112188
0.143741
0.175294
0.206847
0.2384
0.269953
0.00350588
0.0350588
0.0666118
0.0981647
0.129718
0.161271
0.192824
0.224376
0.255929
0.287482
0.319035
0.0525882
0.0841412
0.115694
0.147247
0.1788
0.210353
0.241906
0.273459
0.305012
0.0385647
0.0701176
0.101671
0.133224
0.133224
0.101671
0.0701176
0.0385647
0.00701176
0.0245412
0.0560941
0.210353
0.1788
0.147247
0.115694
0.0841412
0.0525882
0.0210353
0.0105176
0.0420706
0.0736235
0.105176
0.136729
0.168282
0.0981647
0.0666118
0.0350588
0.00350588
0.0280471
0.0596
0.0911529
0.122706
0.154259
0.185812
0.217365
0.248918
0.280471
0.0140235
0.0455765
0.0771294
0.108682
0.140235
0.171788
0.203341
0.234894
0.0315529
0.299
0.267447
0.235894
0.204341
0.172788
0.439235
0.407682
0.674129
0.642576
0.611024
0.579471
0.547918
0.814365
0.782812
0.751259
0.719706
0.688153
1.5506
