0.558829 3.15529e-06
0.939576
0.375129
0.406682
0.438235
0.469788
0.501341
0.532894
0.0315529
0
0.0315529
0.0631059
0.0946588
0.469788
0.438235
0.406682
0.375129
0.343576
0.312024
0.280471
0.248918
0.217365
0.185812
0.154259
0.122706
0.0911529
0.0596
0.0280471
0.00350588
0.0350588
0.0666118
0.0981647
0.129718
0.161271
0.192824
0.371624
0.340071
0.308518
0.276965
0.245412
0.213859
0.182306
0.150753
0.1192
0.0876471
0.0560941
0.0245412
0.00701176
0.0385647
0.0701176
0.101671
0.133224
0.431224
0.399671
0.368118
0.336565
0.305012
0.273459
0.241906
0.210353
0.1788
0.147247
0.115694
0.0841412
0.0525882
0.0210353
0.0105176
0.0420706
0.0736235
0.105176
0.136729
0.427718
0.396165
0.364612
0.333059
0.301506
0.269953
0.2384
0.206847
0.175294
0.143741
0.112188
0.0806353
0.0490824
0.0175294
0.0140235
0.0455765
0.0771294
0.108682
0.140235
0.171788
0.203341
0.234894
0.266447
0.298
0.329553
0.361106
0.392659
0.424212
0.455765
0.108682
0.0771294
0.0455765
0.0140235
0.0175294
0.0490824
0.0806353
0.112188
0.143741
0.175294
0.206847
0.2384
0.269953
0.301506
0.333059
0.364612
0.396165
0.427718
0.459271
0.105176
0.0736235
0.0420706
0.0105176
0.0210353
0.0525882
0.0841412
0.115694
0.147247
0.1788
0.210353
0.241906
0.273459
0.305012
0.336565
0.368118
0.399671
0.431224
0.462776
0.494329
0.525882
0.557435
0.588988
0.0245412
0.0560941
0.0876471
0.1192
0.150753
0.182306
0.213859
0.245412
0.276965
0.308518
0.340071
0.371624
0.403176
0.434729
0.466282
0.0981647
0.0666118
0.0350588
0.00350588
0.0280471
0.0596
0.0911529
0.122706
0.154259
0.410188
0.378635
0.347082
0.315529
0.283976
0.252424
0.220871
0.189318
0.157765
0.126212
0.0946588
0.0631059
0.0315529
0
0.0315529
0.0631059
0.0946588
0.469788
0.438235
0.406682
0.375129
0.343576
0.312024
0.280471
0.248918
0.217365
0.185812
0.154259
0.122706
0.687153
0.6556
0.624047
0.592494
0.560941
1.12539
